0 0.715625 0.5947916666666667 0.115625 0.14791666666666667
0 0.4984375 0.56875 0.109375 0.1375
0 0.521875 0.41770833333333335 0.109375 0.13958333333333334
0 0.58671875 0.8489583333333334 0.1046875 0.13125
0 0.746875 0.44583333333333336 0.103125 0.1375
0 0.378125 0.5625 0.10625 0.1375
0 0.58515625 0.15729166666666666 0.1078125 0.13958333333333334
0 0.35703125 0.14375 0.1078125 0.1375
0 0.68359375 0.2947916666666667 0.1296875 0.16875
0 0.18359375 0.584375 0.1046875 0.13958333333333334
0 0.51015625 0.75625 0.1140625 0.14583333333333334
0 0.36796875 0.7697916666666667 0.1140625 0.14791666666666667
0 0.38359375 0.340625 0.1203125 0.16041666666666668
