0 0.4859375 0.409375 0.128125 0.17291666666666666
0 0.76875 0.39166666666666666 0.10625 0.1375
0 0.4453125 0.8583333333333333 0.10625 0.13333333333333333
0 0.38671875 0.53125 0.1078125 0.1375
0 0.34921875 0.3645833333333333 0.1203125 0.15833333333333333
0 0.5109375 0.25625 0.1125 0.14166666666666666
0 0.31875 0.7364583333333333 0.10625 0.13541666666666666
0 0.275 0.20625 0.10625 0.1375
0 0.784375 0.6625 0.1125 0.14583333333333334
0 0.6625 0.5114583333333333 0.11875 0.14791666666666667
0 0.49765625 0.690625 0.1078125 0.13541666666666666
0 0.69375 0.21666666666666667 0.115625 0.15
0 0.09296875 0.48020833333333335 0.1046875 0.13958333333333334
