0 0.76171875 0.18333333333333332 0.1234375 0.175
0 0.90390625 0.725 0.1078125 0.14166666666666666
0 0.5875 0.8489583333333334 0.10625 0.13125
0 0.6265625 0.5322916666666667 0.1125 0.14791666666666667
0 0.52109375 0.41770833333333335 0.1109375 0.13541666666666666
0 0.88828125 0.203125 0.1078125 0.13541666666666666
0 0.36640625 0.584375 0.1203125 0.15625
0 0.78515625 0.3697916666666667 0.1140625 0.14791666666666667
0 0.70859375 0.728125 0.1046875 0.13541666666666666
0 0.596875 0.19583333333333333 0.109375 0.1375
0 0.44453125 0.6989583333333333 0.1078125 0.13541666666666666
0 0.21640625 0.35625 0.1109375 0.14166666666666666
0 0.18359375 0.5854166666666667 0.1046875 0.1375
