0 0.61484375 0.47291666666666665 0.1265625 0.17083333333333334
0 0.9453125 0.38125 0.10625 0.14583333333333334
0 0.4875 0.16458333333333333 0.125 0.15833333333333333
0 0.778125 0.334375 0.10625 0.13541666666666666
0 0.4265625 0.5208333333333334 0.109375 0.1375
0 0.84375 0.7739583333333333 0.10625 0.13125
0 0.65078125 0.07291666666666667 0.1109375 0.1375
0 0.76015625 0.490625 0.1109375 0.13958333333333334
0 0.27578125 0.20625 0.1078125 0.1375
0 0.88359375 0.63125 0.1109375 0.14583333333333334
0 0.69140625 0.7447916666666666 0.1078125 0.13541666666666666
0 0.69375 0.21666666666666667 0.115625 0.15
0 0.09296875 0.48020833333333335 0.1046875 0.13541666666666666
