0 0.56796875 0.384375 0.1296875 0.16875
0 0.703125 0.7333333333333333 0.10625 0.13333333333333333
0 0.75546875 0.44895833333333335 0.1140625 0.14791666666666667
0 0.68984375 0.30833333333333335 0.1078125 0.1375
0 0.8796875 0.11041666666666666 0.103125 0.13333333333333333
0 0.43359375 0.703125 0.1078125 0.13541666666666666
0 0.4 0.44583333333333336 0.1125 0.14166666666666666
0 0.72578125 0.17083333333333334 0.1109375 0.1375
0 0.553125 0.6114583333333333 0.115625 0.14791666666666667
0 0.65859375 0.5614583333333333 0.1046875 0.13541666666666666
0 0.85546875 0.7385416666666667 0.1046875 0.13125
0 0.58125 0.14166666666666666 0.11875 0.15
0 0.2953125 0.6510416666666666 0.11875 0.15625
