0 0.92265625 0.09895833333333333 0.1015625 0.13125
0 0.47109375 0.5322916666666667 0.1171875 0.15208333333333332
0 0.52578125 0.3 0.1171875 0.15416666666666667
0 0.91953125 0.371875 0.1109375 0.14375
0 0.86171875 0.7708333333333334 0.1046875 0.12916666666666668
0 0.5109375 0.7177083333333333 0.115625 0.14791666666666667
0 0.68359375 0.4708333333333333 0.1109375 0.1375
0 0.38515625 0.3770833333333333 0.1140625 0.14166666666666666
0 0.6890625 0.11354166666666667 0.128125 0.17291666666666666
0 0.69609375 0.834375 0.1046875 0.13125
0 0.87890625 0.5770833333333333 0.1015625 0.13333333333333333
0 0.68046875 0.675 0.1015625 0.13333333333333333
0 0.6984375 0.29270833333333335 0.109375 0.13958333333333334
0 0.33359375 0.6958333333333333 0.1203125 0.15416666666666667
