0 0.2451171875 0.2899305555555556 0.123046875 0.1840277777777778
0 0.3955078125 0.2864583333333333 0.119140625 0.1909722222222222
0 0.3447265625 0.5381944444444444 0.142578125 0.2222222222222222
0 0.4794921875 0.2795138888888889 0.107421875 0.1701388888888889
0 0.30859375 0.2795138888888889 0.11328125 0.1701388888888889
0 0.2470703125 0.5572916666666666 0.115234375 0.19791666666666666
0 0.4306640625 0.578125 0.123046875 0.2048611111111111
0 0.623046875 0.5503472222222222 0.1171875 0.2048611111111111
0 0.7216796875 0.5434027777777778 0.126953125 0.2048611111111111
0 0.52734375 0.5677083333333334 0.1171875 0.2048611111111111
