0 0.142578125 0.1232638888888889 0.1484375 0.22569444444444445
0 0.2841796875 0.06770833333333333 0.154296875 0.1284722222222222
0 0.44140625 0.4774305555555556 0.171875 0.2881944444444444
0 0.609375 0.4618055555555556 0.16796875 0.2708333333333333
0 0.255859375 0.3368055555555556 0.17578125 0.2847222222222222
0 0.7822265625 0.875 0.212890625 0.24305555555555555
0 0.4462890625 0.22569444444444445 0.142578125 0.2361111111111111
0 0.6533203125 0.6302083333333334 0.162109375 0.28125
0 0.5966796875 0.8697916666666666 0.181640625 0.2534722222222222
0 0.7119140625 0.1076388888888889 0.154296875 0.20833333333333334
0 0.5146484375 0.16145833333333334 0.142578125 0.2326388888888889
0 0.779296875 0.5277777777777778 0.171875 0.2986111111111111
