0 0.3544921875 0.3107638888888889 0.091796875 0.1701388888888889
0 0.35546875 0.5850694444444444 0.09375 0.16319444444444445
0 0.384765625 0.7638888888888888 0.09765625 0.1875
0 0.3916015625 0.265625 0.083984375 0.14930555555555555
0 0.501953125 0.4427083333333333 0.078125 0.1423611111111111
0 0.4462890625 0.5815972222222222 0.076171875 0.14930555555555555
0 0.48046875 0.5850694444444444 0.08203125 0.1423611111111111
0 0.6337890625 0.5954861111111112 0.087890625 0.16319444444444445
0 0.314453125 0.7065972222222222 0.08203125 0.15625
0 0.6552734375 0.359375 0.087890625 0.16319444444444445
