0 0.2333984375 0.3573529411764706 0.123046875 0.15
0 0.39453125 0.3573529411764706 0.125 0.15588235294117647
0 0.3427734375 0.5544117647058824 0.134765625 0.1676470588235294
0 0.3046875 0.34852941176470587 0.11328125 0.13823529411764707
0 0.4833984375 0.3558823529411765 0.115234375 0.1411764705882353
0 0.2490234375 0.5676470588235294 0.119140625 0.14705882352941177
0 0.42578125 0.5882352941176471 0.1171875 0.15294117647058825
0 0.623046875 0.5705882352941176 0.1171875 0.15294117647058825
0 0.716796875 0.5705882352941176 0.12109375 0.15294117647058825
0 0.525390625 0.5794117647058824 0.1171875 0.15294117647058825
