0 0.400390625 0.2708333333333333 0.1328125 0.1875
0 0.392578125 0.6510416666666666 0.12890625 0.2534722222222222
0 0.375 0.1284722222222222 0.14453125 0.1875
0 0.5556640625 0.3107638888888889 0.146484375 0.2326388888888889
0 0.6826171875 0.4722222222222222 0.154296875 0.25
0 0.4619140625 0.6076388888888888 0.134765625 0.2361111111111111
0 0.708984375 0.9131944444444444 0.1640625 0.16666666666666666
0 0.7646484375 0.3142361111111111 0.138671875 0.21180555555555555
0 0.287109375 0.4427083333333333 0.13671875 0.2326388888888889
0 0.55859375 0.5798611111111112 0.1328125 0.2638888888888889
0 0.3837890625 0.4548611111111111 0.115234375 0.2222222222222222
0 0.7158203125 0.6059027777777778 0.189453125 0.28125
