0 0.48046875 0.158203125 0.18489583333333334 0.14453125
0 0.453125 0.8349609375 0.16666666666666666 0.123046875
0 0.70703125 0.611328125 0.15885416666666666 0.12109375
0 0.62890625 0.5244140625 0.17447916666666666 0.123046875
0 0.7122395833333334 0.345703125 0.15364583333333334 0.12109375
0 0.4153645833333333 0.658203125 0.1640625 0.125
0 0.2265625 0.2802734375 0.171875 0.130859375
0 0.5364583333333334 0.3671875 0.21354166666666666 0.15234375
0 0.5546875 0.728515625 0.17708333333333334 0.13671875
0 0.77734375 0.693359375 0.15364583333333334 0.12109375
0 0.58984375 0.609375 0.1484375 0.12109375
